Belarus  (1286,313)  (1256,327)  (1315,343)  (1280,283)  (1310,283)  (1316,313)  (1331,373)  (1301,373)  (1282,253)
54 Sea Zone  (3473,1004)  (3443,1033)  (3443,1003)  (3502,1034)  (3473,974)  (3503,974)  (3503,1004)  (3441,973)  (3472,1063)  (3442,1063)  (3413,1033)  (3413,1003)  (3532,1034)  (3532,1064)  (3502,1064)  (3412,1064)  (3471,944)  (3501,944)  (3531,944)  (3533,974)  (3533,1004)  (3411,973)  (3411,943)  (3441,943)  (3561,937)  (3472,1093)  (3442,1093)  (3562,1034)  (3562,1064)  (3562,1094)  (3532,1094)  (3502,1094)  (3412,1094)  (3471,914)  (3501,914)  (3531,914)  (3563,967)  (3563,997)  (3396,913)  (3426,913)  (3456,884)  (3486,884)  (3396,883)  (3426,883)
Philippines  (2555,1049)  (2579,1100)  (2602,1151)
Hong Kong  (2269,874)  (2299,879)  (2239,870)  (2324,849)  (2214,840)  (2187,870)  (2354,854)  (2184,840)
Tanzania  (1285,1389)  (1294,1419)  (1293,1359)  (1264,1420)  (1323,1351)  (1234,1432)  (1227,1402)  (1284,1329)  (1314,1321)  (1344,1321)  (1353,1351)  (1260,1462)  (1197,1430)  (1197,1400)  (1283,1299)  (1313,1291)  (1343,1291)  (1277,1492)  (1373,1285)  (1342,1261)
15 Sea Zone  (1325,793)  (1295,811)  (1355,772)  (1355,802)
27 Sea Zone  (1025,1659)  (995,1688)  (995,1658)  (1054,1689)  (1025,1629)  (1055,1629)  (1055,1659)  (993,1628)  (1024,1718)  (994,1718)  (965,1688)  (965,1658)  (1084,1689)  (1084,1719)  (1054,1719)  (964,1719)  (1023,1599)  (1053,1599)  (1085,1613)  (1085,1643)  (963,1628)  (963,1598)  (993,1598)  (1024,1748)  (994,1748)  (935,1689)  (935,1659)  (1114,1673)  (1114,1703)  (1114,1733)  (1084,1749)  (1054,1749)  (964,1749)  (934,1749)  (934,1719)  (1023,1569)  (1053,1569)  (933,1629)  (933,1599)  (933,1569)  (963,1568)  (993,1568)  (1128,1763)  (1024,1778)  (994,1778)  (1098,1779)  (1068,1779)  (964,1779)  (934,1779)  (911,1539)  (1023,1539)  (1053,1539)  (941,1538)  (971,1538)  (1141,1793)  (911,1509)  (1001,1509)  (1031,1509)  (941,1508)  (971,1508)  (911,1479)  (1001,1479)  (1031,1479)  (941,1478)  (971,1478)  (911,1449)  (1001,1449)  (1031,1449)  (941,1448)  (971,1448)
63 Sea Zone  (2862,348)  (2832,377)  (2832,347)  (2891,378)  (2862,318)  (2892,318)  (2892,348)  (2830,317)  (2861,407)  (2831,407)  (2802,377)  (2921,378)  (2921,408)  (2891,408)  (2801,408)  (2860,288)  (2890,288)  (2920,288)  (2922,318)  (2922,348)  (2827,287)  (2950,260)  (2951,378)  (2951,408)  (2771,424)  (2857,258)  (2887,258)  (2917,258)  (2952,290)  (2952,320)  (2757,245)  (2947,230)  (2741,424)  (2977,221)  (2730,275)  (2723,394)  (2717,364)  (2711,424)  (2710,334)  (2958,191)  (2988,191)  (2700,281)  (3018,180)  (2670,281)  (3005,150)  (3035,150)  (2640,281)  (3010,120)  (2610,281)  (3092,50)  (3061,23)  (3091,20)  (3030,6)
South-West India  (1834,954)  (1804,936)  (1863,984)  (1833,984)  (1834,924)  (1864,942)  (1785,906)  (1878,1014)  (1848,1014)  (1815,894)  (1773,876)  (1865,1044)  (1769,846)  (1799,837)  (1784,807)  (1814,793)  (1844,768)  (1823,738)  (1853,735)
France  (910,449)  (880,478)  (880,448)  (939,479)  (910,419)  (940,419)  (940,449)  (909,508)  (879,508)  (850,459)  (970,413)  (970,443)  (933,538)  (903,538)  (873,538)  (930,568)  (900,568)  (870,568)
Burma-Bangladesh  (2072,842)  (2042,838)  (2101,872)  (2071,872)  (2093,812)  (2102,842)  (2037,808)  (2114,902)
41 Sea Zone  (2991,1754)  (2961,1783)  (2961,1753)  (3020,1784)  (2991,1724)  (3021,1724)  (3021,1754)  (2960,1723)  (2931,1799)  (2931,1769)  (3050,1784)  (2990,1694)  (3020,1694)  (3050,1694)  (3051,1724)  (3051,1754)  (2901,1799)  (2978,1664)  (3008,1664)  (3038,1664)  (3068,1664)  (2840,1799)  (2810,1799)  (2780,1799)  (2776,1769)  (2750,1799)  (2746,1769)
40 Sea Zone  (2406,1747)  (2376,1776)  (2376,1746)  (2435,1777)  (2406,1717)  (2436,1717)  (2436,1747)  (2374,1716)  (2346,1799)  (2346,1769)  (2465,1777)  (2404,1687)  (2434,1687)  (2464,1687)  (2466,1717)  (2466,1747)  (2344,1739)  (2344,1709)  (2374,1686)  (2337,1679)  (2316,1799)  (2316,1769)  (2495,1777)  (2496,1708)  (2496,1738)  (2314,1739)  (2314,1709)  (2307,1679)  (2525,1768)  (2525,1798)  (2555,1758)  (2555,1788)  (2585,1738)  (2585,1768)  (2585,1798)  (2615,1734)  (2615,1764)  (2615,1794)  (2645,1713)  (2645,1743)  (2645,1773)  (2675,1704)  (2675,1734)  (2675,1764)  (2675,1794)
Fiji  (3402,1401)
4 Sea Zone  (1370,0)  (1400,0)  (1400,39)  (1430,22)  (1498,0)
18 Sea Zone  (507,917)  (477,946)  (477,916)  (536,947)  (507,887)  (537,887)  (537,917)  (475,886)  (506,976)  (476,976)  (566,947)  (566,977)  (536,977)  (505,857)  (535,857)  (565,857)  (462,856)  (506,1006)  (566,1007)  (536,1007)  (492,827)  (462,826)  (506,1036)  (566,1037)  (536,1037)  (492,797)  (462,796)  (640,1122)  (648,1152)
65 Sea Zone  (3308,185)  (3278,214)  (3278,184)  (3337,215)  (3308,155)  (3338,155)  (3338,185)  (3276,154)  (3248,230)  (3248,200)  (3367,215)  (3368,144)  (3368,174)  (3246,170)  (3397,204)  (3398,156)
46 Sea Zone  (3138,1181)  (3138,1211)  (3138,1241)  (3138,1329)  (3138,1359)  (3138,1389)  (3138,1419)  (3168,1181)  (3168,1211)  (3168,1241)  (3168,1359)  (3168,1389)  (3168,1419)  (3192,1271)  (3198,1181)  (3198,1211)  (3198,1241)  (3198,1362)  (3198,1392)  (3198,1422)  (3212,1301)  (3222,1271)  (3228,1181)  (3228,1211)  (3228,1241)  (3228,1358)  (3228,1388)  (3228,1418)  (3242,1301)  (3252,1271)  (3258,1181)  (3258,1211)  (3258,1241)  (3258,1331)  (3258,1378)  (3258,1408)  (3258,1438)  (3272,1301)  (3282,1271)  (3288,1181)  (3288,1211)  (3288,1241)  (3288,1331)  (3288,1389)  (3288,1419)  (3302,1301)
Egypt-Sudan  (1305,976)  (1275,1005)  (1334,1006)  (1279,946)  (1309,946)  (1335,976)  (1339,942)  (1304,1035)  (1274,1035)  (1364,1006)  (1364,1036)  (1334,1036)  (1244,1036)  (1262,916)  (1292,916)  (1365,972)  (1322,912)  (1304,1065)  (1274,1065)  (1363,1066)  (1244,1066)  (1260,886)  (1290,886)  (1320,882)  (1331,1095)  (1301,1095)  (1271,1096)  (1241,1096)  (1261,856)  (1291,852)  (1321,852)  (1315,1125)  (1285,1126)
Yakutsk  (2430,156)  (2400,185)  (2400,155)  (2459,186)  (2430,126)  (2460,126)  (2460,156)  (2398,125)  (2429,215)  (2399,215)  (2370,185)  (2370,155)  (2489,186)  (2489,216)  (2459,216)  (2369,216)  (2428,96)  (2458,96)  (2488,96)  (2490,126)  (2490,156)  (2368,125)  (2368,95)  (2398,95)  (2518,68)  (2429,245)  (2399,245)  (2340,186)  (2340,156)  (2519,186)  (2519,216)  (2519,246)  (2489,246)  (2459,246)  (2369,246)  (2339,246)  (2339,216)  (2428,66)  (2458,66)  (2488,66)  (2520,98)  (2520,128)  (2338,126)  (2338,96)  (2338,66)  (2368,65)  (2398,65)  (2548,50)  (2429,275)  (2399,275)  (2310,186)  (2310,156)  (2549,158)  (2549,188)  (2549,218)  (2549,248)  (2519,276)  (2489,276)  (2459,276)  (2369,276)  (2339,276)  (2309,276)  (2309,246)  (2309,216)  (2428,36)  (2550,80)  (2550,110)  (2308,126)  (2308,96)  (2308,66)  (2578,41)  (2429,305)  (2399,305)  (2280,186)  (2280,156)  (2579,140)  (2579,170)  (2579,200)  (2579,230)  (2511,306)  (2481,306)  (2369,306)  (2339,306)  (2309,306)  (2279,306)  (2279,276)  (2279,246)  (2279,216)  (2580,71)  (2580,101)  (2278,126)  (2278,96)  (2278,66)  (2451,335)  (2421,335)  (2250,186)  (2250,156)  (2609,131)  (2609,161)  (2609,191)  (2609,221)  (2499,336)  (2391,336)  (2361,336)  (2331,336)  (2301,336)  (2249,312)  (2249,282)  (2249,252)  (2249,222)  (2610,46)  (2610,76)  (2248,126)  (2248,96)  (2248,66)  (2469,365)  (2439,365)  (2220,192)  (2220,162)  (2639,106)  (2639,136)  (2639,166)  (2639,196)  (2639,226)  (2525,366)  (2409,366)  (2379,366)  (2349,366)  (2319,366)  (2219,338)  (2219,308)  (2219,278)  (2219,248)  (2640,46)  (2640,76)  (2218,132)  (2555,371)  (2495,395)  (2465,395)  (2190,218)  (2190,188)  (2669,106)  (2669,136)  (2669,166)  (2669,196)  (2669,226)  (2525,396)  (2333,396)  (2189,260)  (2670,43)  (2670,73)  (2188,158)  (2160,220)  (2699,103)  (2699,133)  (2699,163)  (2699,193)  (2699,223)  (2546,426)  (2516,426)  (2316,426)  (2700,33)  (2700,63)  (2729,93)  (2729,123)  (2729,153)  (2729,183)  (2527,456)  (2730,29)  (2730,59)  (2744,320)  (2752,350)  (2759,89)  (2759,119)  (2759,149)  (2759,179)  (2514,486)  (2760,29)  (2760,59)  (2774,290)  (2774,320)  (2484,513)  (2789,89)  (2789,119)  (2789,149)  (2790,21)  (2790,51)  (2819,81)  (2819,111)  (2819,141)  (2820,15)  (2820,45)  (2829,211)  (2834,171)  (2849,75)  (2849,105)  (2849,135)  (2850,15)  (2850,45)  (2859,201)  (2864,165)  (2879,75)  (2879,105)  (2879,135)  (2880,40)  (2889,195)  (2894,165)  (2909,70)  (2909,100)  (2909,130)  (2910,38)  (2918,0)  (2924,160)  (2939,68)  (2939,98)  (2939,128)  (2940,30)  (2969,60)  (2969,90)  (2970,19)  (2999,49)  (3022,79)  (3052,75)
55 Sea Zone  (3648,883)  (3618,912)  (3618,882)  (3677,913)  (3648,853)  (3678,853)  (3678,883)  (3616,852)  (3647,942)  (3617,942)  (3588,904)  (3707,913)  (3707,943)  (3677,943)  (3646,823)  (3676,823)  (3706,823)  (3708,853)  (3708,883)  (3586,874)  (3586,844)  (3616,822)  (3578,814)  (3736,817)  (3647,972)  (3617,972)  (3737,913)  (3737,943)  (3737,973)  (3707,973)  (3677,973)  (3646,793)  (3676,793)  (3738,847)  (3738,877)  (3556,872)  (3608,792)  (3548,842)  (3548,812)  (3578,784)  (3546,782)  (3647,1002)  (3617,1002)  (3742,1003)  (3712,1003)  (3682,1003)  (3638,763)  (3608,762)  (3518,834)  (3576,754)  (3516,804)  (3516,774)  (3546,752)  (3513,744)  (3652,1032)  (3622,1032)  (3742,1033)  (3712,1033)  (3682,1033)  (3606,732)  (3576,724)  (3543,722)  (3513,714)  (3652,1062)  (3622,1062)  (3742,1063)  (3712,1063)  (3682,1063)  (3606,702)  (3543,692)  (3513,684)  (3652,1092)  (3622,1092)  (3742,1093)  (3712,1093)  (3682,1093)  (3513,654)
61 Sea Zone  (2362,907)  (2371,937)  (2371,967)  (2392,887)  (2401,917)  (2401,947)  (2401,977)  (2414,857)  (2422,887)  (2428,825)  (2431,917)  (2431,947)  (2431,977)  (2441,795)  (2445,749)  (2458,825)  (2461,948)  (2461,978)  (2471,791)  (2488,821)  (2491,948)  (2491,978)  (2503,914)  (2510,877)
26 Sea Zone  (730,1728)  (700,1757)  (700,1727)  (759,1758)  (730,1698)  (760,1698)  (760,1728)  (698,1697)  (729,1787)  (699,1787)  (670,1757)  (670,1727)  (789,1758)  (789,1788)  (759,1788)  (669,1788)  (728,1668)  (758,1668)  (788,1668)  (790,1698)  (790,1728)  (668,1697)  (668,1667)  (698,1667)  (818,1640)  (640,1758)  (640,1728)  (819,1758)  (819,1788)  (639,1799)  (728,1638)  (758,1638)  (788,1638)  (820,1670)  (820,1700)  (638,1698)  (638,1668)  (638,1638)  (668,1637)  (698,1637)  (848,1632)  (610,1769)  (610,1739)  (849,1730)  (849,1760)  (849,1790)  (609,1799)  (850,1662)  (850,1692)  (608,1709)  (608,1679)  (608,1649)  (878,1632)  (580,1769)  (580,1739)  (879,1722)  (879,1752)  (879,1782)  (579,1799)  (880,1662)  (880,1692)  (578,1709)  (578,1679)  (578,1649)
Plains of India  (1902,821)  (1872,850)  (1872,820)  (1931,851)  (1902,791)  (1932,791)  (1932,821)  (1901,880)  (1842,862)  (1940,881)  (1886,761)  (1962,792)  (1962,822)
7 Sea Zone  (818,358)  (788,385)  (788,355)  (848,341)  (848,371)  (780,415)  (758,385)  (758,355)  (878,338)  (878,368)  (750,425)  (896,294)  (794,445)  (908,324)  (764,455)  (815,475)  (785,485)  (823,505)
Uzbekistan  (1741,582)  (1711,611)  (1711,581)  (1769,612)  (1741,552)  (1771,558)  (1709,551)  (1799,588)  (1715,641)  (1681,606)  (1801,553)  (1831,552)
38 Sea Zone  (2129,1245)  (2129,1275)  (2129,1305)  (2129,1335)  (2129,1365)  (2129,1395)  (2129,1425)  (2129,1455)  (2159,1244)  (2159,1274)  (2159,1304)  (2159,1334)  (2159,1364)  (2159,1394)  (2159,1424)  (2159,1454)  (2189,1320)  (2189,1350)  (2189,1380)  (2189,1410)  (2189,1440)  (2219,1376)  (2219,1406)  (2219,1436)  (2238,1244)  (2249,1407)  (2249,1437)  (2257,1274)  (2279,1406)  (2279,1436)  (2283,1304)  (2287,1269)  (2295,1375)  (2302,1334)  (2309,1432)  (2313,1299)  (2325,1364)  (2332,1329)  (2339,1442)  (2355,1359)  (2355,1389)  (2369,1451)  (2385,1347)  (2385,1377)  (2385,1407)  (2415,1347)  (2415,1377)  (2415,1407)  (2445,1347)  (2445,1377)  (2445,1407)  (2472,1461)  (2475,1347)  (2475,1377)  (2475,1407)  (2502,1437)  (2505,1347)  (2505,1377)  (2505,1407)  (2535,1347)  (2535,1377)  (2535,1407)  (2565,1347)  (2565,1377)  (2595,1347)
Turkey  (1383,681)  (1353,710)  (1353,680)  (1412,711)  (1413,659)  (1323,735)  (1323,705)  (1323,675)  (1442,689)  (1443,659)  (1473,656)  (1473,686)  (1503,640)  (1503,670)
29 Sea Zone  (1595,1741)  (1565,1770)  (1565,1740)  (1624,1771)  (1595,1711)  (1625,1711)  (1625,1741)  (1563,1710)  (1535,1799)  (1535,1769)  (1654,1771)  (1593,1681)  (1623,1681)  (1653,1681)  (1655,1711)  (1655,1741)  (1533,1739)  (1533,1709)  (1563,1680)  (1532,1679)  (1683,1661)  (1505,1799)  (1505,1769)  (1684,1771)  (1685,1691)  (1685,1721)  (1503,1739)  (1503,1709)  (1713,1661)  (1475,1799)  (1475,1769)  (1714,1751)  (1714,1781)  (1715,1691)  (1715,1721)  (1473,1739)  (1473,1709)
Java-Sumatra  (2254,1358)  (2241,1328)  (2237,1298)  (2351,1425)
Mexico  (3689,685)  (3659,684)  (3718,715)  (3688,715)  (3689,655)  (3719,655)  (3719,685)  (3657,654)  (3739,745)  (3709,745)  (3687,625)  (3627,642)  (3657,624)  (3615,612)  (3742,775)  (3585,582)  (3615,582)
28 Sea Zone  (1313,1738)  (1283,1767)  (1283,1737)  (1342,1768)  (1313,1708)  (1343,1708)  (1343,1738)  (1281,1707)  (1312,1797)  (1282,1797)  (1253,1767)  (1253,1737)  (1372,1768)  (1372,1798)  (1342,1798)  (1252,1798)  (1311,1678)  (1341,1678)  (1371,1678)  (1373,1708)  (1373,1738)  (1251,1707)  (1272,1677)  (1401,1650)  (1223,1768)  (1223,1738)  (1402,1768)  (1402,1798)  (1222,1799)  (1302,1648)  (1332,1648)  (1362,1648)  (1403,1680)  (1403,1710)  (1221,1708)  (1193,1769)  (1193,1739)  (1192,1799)  (1191,1709)
23 Sea Zone  (900,1309)  (870,1338)  (870,1308)  (929,1339)  (900,1279)  (930,1279)  (930,1309)  (868,1278)  (899,1368)  (869,1368)  (840,1338)  (840,1308)  (959,1339)  (959,1369)  (929,1369)  (839,1369)  (898,1249)  (928,1249)  (958,1249)  (960,1279)  (960,1309)  (838,1278)  (838,1248)  (868,1248)  (899,1398)  (869,1398)  (810,1339)  (810,1309)  (989,1339)  (989,1369)  (989,1399)  (959,1399)  (929,1399)  (839,1399)  (809,1399)  (809,1369)  (898,1219)  (928,1219)  (958,1219)  (990,1251)  (990,1281)  (808,1279)  (808,1249)  (808,1219)  (838,1218)  (868,1218)  (780,1339)  (780,1309)  (1019,1311)  (1019,1341)  (1019,1371)  (1019,1401)  (779,1403)  (779,1373)  (955,1189)  (985,1189)  (778,1279)  (778,1249)  (778,1219)  (1049,1370)
Romania  (1237,537)  (1207,566)  (1266,567)  (1246,507)  (1267,537)  (1276,503)
Syria-Israel  (1413,783)  (1406,813)  (1422,753)  (1452,744)  (1376,840)
Iceland  (678,24)
Algeria  (891,818)  (861,847)  (861,817)  (920,848)  (891,788)  (921,788)  (921,818)  (859,787)  (831,842)  (950,848)  (950,878)  (920,878)  (951,767)  (951,797)  (829,812)  (980,857)  (980,887)  (981,768)  (981,798)  (799,825)  (795,795)  (765,807)
Madagascar  (1480,1591)  (1501,1621)  (1471,1621)  (1464,1561)  (1494,1561)  (1510,1591)  (1441,1633)  (1524,1547)  (1486,1651)  (1456,1663)  (1540,1517)
Saudi Arabia  (1488,912)  (1458,941)  (1458,911)  (1517,942)  (1488,882)  (1518,882)  (1518,912)  (1456,881)  (1487,971)  (1457,971)  (1428,941)  (1428,911)  (1547,942)  (1547,972)  (1517,972)  (1486,852)  (1548,882)  (1548,912)  (1426,881)  (1445,851)  (1487,1001)  (1457,1001)  (1577,942)
30 Sea Zone  (2020,1745)  (1990,1774)  (1990,1744)  (2049,1775)  (2020,1715)  (2050,1715)  (2050,1745)  (1988,1714)  (1960,1799)  (1960,1769)  (2079,1775)  (2018,1685)  (2048,1685)  (2078,1685)  (2080,1715)  (2080,1745)  (1958,1739)  (1958,1709)  (1988,1684)  (1953,1679)  (2108,1661)  (1930,1799)  (1930,1769)  (2109,1775)  (2110,1691)  (2110,1721)  (1928,1739)  (1928,1709)  (1923,1679)  (2138,1661)  (1900,1799)  (1900,1769)  (2139,1751)  (2139,1781)  (2140,1691)  (2140,1721)  (1898,1739)  (1898,1709)  (1893,1679)  (2168,1661)  (1870,1799)  (1870,1769)  (2169,1751)  (2169,1781)  (2170,1691)  (2170,1721)  (1868,1739)  (1868,1709)  (1863,1679)  (2198,1661)  (1840,1799)  (1840,1769)  (2199,1751)  (2199,1781)  (2200,1691)  (2200,1721)  (1838,1739)  (1838,1709)  (1833,1679)  (2228,1661)  (1810,1799)  (1810,1769)  (2229,1751)  (2229,1781)  (2230,1691)  (2230,1721)  (1808,1739)  (1808,1709)  (1803,1679)  (2258,1661)  (1780,1799)  (1780,1769)  (2259,1751)  (2259,1781)  (1778,1739)  (1778,1709)  (1773,1679)
11 Sea Zone  (440,605)  (410,634)  (410,604)  (469,635)  (440,575)  (470,575)  (470,605)  (408,574)  (439,664)  (409,664)  (380,634)  (380,604)  (499,635)  (499,665)  (469,665)  (379,665)  (438,545)  (468,545)  (498,545)  (500,575)  (500,605)  (378,574)  (378,544)  (408,544)  (439,694)  (409,694)  (521,695)  (491,695)  (438,515)  (468,515)  (498,515)  (354,514)  (384,514)  (461,724)  (521,725)  (491,725)
Colombia  (274,955)  (244,984)  (244,954)  (287,925)  (304,955)  (242,924)  (305,985)  (251,1014)  (221,1014)  (334,934)  (335,964)  (191,1037)  (365,956)  (391,986)
2 Sea Zone  (507,70)  (512,100)  (517,130)  (537,42)  (542,72)  (547,102)  (547,132)  (567,26)  (572,56)  (577,86)  (577,116)  (577,146)  (597,0)  (602,30)  (607,60)  (607,90)  (607,120)  (607,150)  (637,57)  (637,87)  (637,117)  (637,147)  (667,66)  (667,96)  (667,126)  (697,63)  (697,93)  (697,123)  (727,38)  (727,68)  (727,98)  (727,128)  (734,0)  (757,30)  (757,60)  (757,90)  (757,120)  (764,0)  (787,30)  (787,60)  (787,90)  (794,0)  (817,30)
16 Sea Zone  (1375,605)  (1345,631)  (1345,601)  (1405,585)  (1405,615)  (1315,634)  (1315,604)  (1435,596)  (1435,626)  (1465,606)
Arab Emirates  (1584,1003)  (1554,1030)  (1614,989)  (1524,1058)  (1642,959)  (1648,929)  (1494,1067)
51 Sea Zone  (2899,1087)  (2869,1116)  (2869,1086)  (2928,1117)  (2899,1057)  (2929,1057)  (2929,1087)  (2867,1056)  (2898,1146)  (2868,1146)  (2839,1116)  (2839,1086)  (2958,1117)  (2958,1147)  (2928,1147)  (2838,1147)  (2897,1027)  (2927,1027)  (2957,1027)  (2959,1057)  (2959,1087)  (2837,1056)  (2837,1026)  (2867,1026)  (2987,1013)  (2809,1117)  (2809,1087)  (2988,1117)  (2988,1147)  (2808,1170)  (2989,1043)  (2989,1073)  (2807,1057)  (2807,1027)  (3017,1013)  (2779,1140)  (2779,1110)  (3018,1103)  (3018,1133)  (3018,1163)  (2778,1170)  (3019,1043)  (3019,1073)  (2777,1080)  (2777,1050)  (2777,1020)  (3047,1013)  (2749,1140)  (2749,1110)  (3048,1103)  (3048,1133)  (3048,1163)  (2748,1170)  (3049,1043)  (3049,1073)  (2747,1080)  (2747,1050)  (2747,1020)  (3077,1013)  (3078,1103)  (3078,1133)  (3078,1163)
Western United States  (3551,412)  (3521,441)  (3521,411)  (3580,442)  (3551,382)  (3581,382)  (3581,412)  (3519,381)  (3550,471)  (3520,471)  (3491,441)  (3491,411)  (3610,442)  (3610,472)  (3580,472)  (3490,472)  (3549,352)  (3579,352)  (3609,352)  (3611,382)  (3611,412)  (3489,381)  (3489,351)  (3519,351)  (3550,501)  (3520,501)  (3461,419)  (3640,442)  (3631,502)  (3601,502)  (3549,322)  (3579,322)  (3609,322)  (3459,389)  (3480,321)  (3510,321)  (3597,532)
58 Sea Zone  (2921,513)  (2891,542)  (2891,512)  (2950,543)  (2921,483)  (2951,483)  (2951,513)  (2889,482)  (2920,572)  (2890,572)  (2861,542)  (2861,512)  (2980,543)  (2980,573)  (2950,573)  (2860,573)  (2981,454)  (2981,484)  (2859,482)  (2831,543)  (2831,513)  (2998,424)  (3010,514)  (3010,544)  (3010,574)  (2830,601)  (3011,454)  (3011,484)  (2829,483)  (3028,406)  (2801,571)  (2801,541)  (2998,394)  (3040,514)  (3040,544)  (3040,574)  (2800,601)  (3041,436)  (3041,466)  (2799,511)  (2799,481)  (3028,376)  (3058,376)  (3058,406)  (2998,364)  (3070,496)  (3070,526)  (3070,556)  (3070,586)  (3071,436)  (3071,466)
South Africa  (1183,1566)  (1153,1595)  (1153,1565)  (1212,1596)  (1183,1536)  (1213,1536)  (1213,1566)  (1151,1535)  (1182,1625)  (1152,1625)  (1123,1594)  (1242,1596)  (1242,1626)  (1212,1626)  (1181,1506)  (1211,1506)  (1243,1543)  (1121,1564)  (1121,1534)  (1151,1505)  (1120,1504)  (1182,1655)  (1152,1655)  (1272,1573)  (1272,1603)  (1234,1656)  (1181,1476)  (1150,1475)  (1090,1502)  (1120,1474)  (1088,1472)  (1302,1549)  (1118,1444)  (1067,1442)  (1322,1475)  (1354,1410)  (1355,1440)
43 Sea Zone  (3601,1688)  (3571,1717)  (3571,1687)  (3630,1718)  (3601,1658)  (3631,1658)  (3631,1688)  (3569,1657)  (3600,1747)  (3570,1747)  (3541,1717)  (3541,1687)  (3660,1718)  (3660,1748)  (3630,1748)  (3540,1748)  (3599,1628)  (3629,1628)  (3659,1628)  (3661,1658)  (3661,1688)  (3539,1657)  (3539,1627)  (3569,1627)  (3689,1600)  (3600,1777)  (3570,1777)  (3511,1718)  (3511,1688)  (3690,1718)  (3690,1748)  (3690,1778)  (3660,1778)  (3630,1778)  (3540,1778)  (3510,1778)  (3510,1748)  (3599,1598)  (3629,1598)  (3659,1598)  (3691,1630)  (3691,1660)  (3509,1658)  (3509,1628)  (3509,1598)  (3539,1597)  (3569,1597)  (3689,1570)  (3719,1570)  (3719,1600)  (3481,1718)  (3481,1688)  (3720,1690)  (3720,1720)  (3720,1750)  (3720,1780)  (3480,1799)  (3480,1769)  (3480,1568)  (3599,1568)  (3629,1568)  (3659,1568)  (3721,1630)  (3721,1660)  (3479,1658)  (3479,1628)  (3479,1598)  (3510,1567)  (3540,1567)  (3451,1739)  (3451,1709)  (3450,1799)  (3450,1769)  (3450,1568)  (3449,1679)  (3449,1649)  (3449,1619)
Urals  (1812,211)  (1782,240)  (1782,210)  (1841,241)  (1812,181)  (1842,181)  (1842,211)  (1780,180)  (1811,270)  (1781,270)  (1752,240)  (1752,210)  (1871,241)  (1862,271)  (1751,271)  (1810,151)  (1840,151)  (1870,151)  (1872,181)  (1872,211)  (1750,180)  (1768,150)  (1900,123)  (1832,300)  (1802,300)  (1722,241)  (1722,211)  (1901,241)  (1772,301)  (1742,301)  (1721,271)  (1798,121)  (1828,121)  (1858,121)  (1902,153)  (1902,183)  (1712,310)  (1888,93)  (1749,331)  (1802,91)  (1832,91)  (1719,340)  (1797,61)
39 Sea Zone  (2298,1561)  (2268,1590)  (2268,1560)  (2327,1591)  (2298,1531)  (2328,1531)  (2328,1561)  (2266,1530)  (2297,1620)  (2267,1620)  (2238,1590)  (2238,1560)  (2357,1591)  (2357,1621)  (2327,1621)  (2237,1621)  (2296,1501)  (2326,1501)  (2356,1501)  (2358,1531)  (2358,1561)  (2236,1530)  (2236,1500)  (2266,1500)  (2386,1491)  (2208,1591)  (2208,1561)  (2387,1591)  (2387,1621)  (2207,1631)  (2388,1521)  (2388,1551)  (2206,1531)  (2206,1501)  (2416,1491)  (2178,1601)  (2178,1571)  (2417,1581)  (2417,1611)  (2177,1631)  (2418,1521)  (2418,1551)  (2176,1541)  (2176,1511)  (2446,1491)  (2148,1601)  (2148,1571)  (2447,1581)  (2447,1611)  (2147,1631)  (2448,1521)  (2448,1551)  (2146,1541)  (2146,1511)  (2476,1491)  (2478,1521)  (2506,1491)  (2508,1521)  (2536,1490)  (2566,1460)  (2596,1430)  (2626,1400)  (2656,1394)  (2727,1394)  (2757,1394)  (2778,1438)  (2787,1394)
19 Sea Zone  (179,816)  (196,892)  (204,846)  (209,799)  (226,876)  (234,829)  (256,859)  (264,804)  (286,834)  (286,864)  (316,811)  (316,841)  (316,871)  (346,798)  (346,828)  (346,858)  (346,888)  (376,797)  (376,827)  (376,857)  (376,887)  (388,917)  (406,797)  (406,827)  (406,857)  (406,887)  (409,947)  (418,917)
Central United States  (3717,456)  (3687,485)  (3687,455)  (3742,486)  (3717,426)  (3685,425)  (3712,515)  (3682,515)  (3742,516)  (3715,396)  (3663,395)  (3712,545)  (3682,545)  (3742,546)  (3693,366)  (3723,366)  (3663,365)  (3742,576)  (3693,336)  (3723,336)  (3663,335)  (3738,606)
Korea  (2443,611)  (2459,641)  (2461,671)
20 Sea Zone  (54,983)  (24,1012)  (24,982)  (83,1013)  (54,953)  (84,953)  (84,983)  (22,952)  (53,1042)  (23,1042)  (113,1013)  (113,1043)  (83,1043)  (52,923)  (82,923)  (114,927)  (114,957)  (0,922)  (53,1072)  (23,1072)  (143,987)  (143,1017)  (84,1073)  (30,893)  (60,893)  (90,893)  (144,948)  (0,892)  (54,1102)  (24,1102)  (173,978)  (30,863)  (60,863)  (0,862)  (0,832)
Argentina  (329,1418)  (299,1447)  (299,1417)  (358,1448)  (329,1388)  (359,1388)  (359,1418)  (297,1387)  (328,1477)  (298,1477)  (388,1448)  (327,1358)  (357,1358)  (387,1358)  (389,1388)  (389,1418)  (280,1357)  (417,1330)  (330,1507)  (300,1507)  (310,1328)  (340,1328)  (370,1328)  (419,1417)  (325,1537)  (321,1567)
Thailand-Vietnam  (2202,971)  (2172,1000)  (2172,970)  (2231,1001)  (2202,941)  (2232,961)  (2170,940)  (2261,1007)  (2231,1031)  (2200,911)  (2230,911)  (2154,910)  (2266,1037)  (2191,1162)
Poland  (1199,382)  (1169,394)  (1169,364)  (1228,412)  (1229,358)  (1258,417)
Central Russia  (1498,331)  (1468,360)  (1468,330)  (1527,361)  (1498,301)  (1528,301)  (1528,331)  (1466,300)  (1497,390)  (1467,390)  (1438,360)  (1438,330)  (1557,361)  (1531,391)  (1437,391)  (1512,271)  (1542,271)  (1558,301)  (1558,331)  (1572,257)  (1501,420)  (1471,420)  (1408,361)  (1408,331)  (1587,361)  (1441,421)  (1411,421)  (1407,391)  (1588,287)  (1588,317)  (1594,227)  (1602,257)  (1381,421)  (1487,450)  (1617,347)  (1377,391)  (1618,287)  (1618,317)  (1619,377)  (1624,213)  (1632,243)  (1647,347)  (1648,273)  (1654,210)  (1662,240)  (1684,202)
Western Canada  (3618,150)  (3588,179)  (3588,149)  (3647,180)  (3618,120)  (3648,120)  (3648,150)  (3586,119)  (3617,209)  (3587,209)  (3558,179)  (3558,149)  (3677,180)  (3677,210)  (3647,210)  (3557,210)  (3616,90)  (3646,90)  (3676,90)  (3678,120)  (3678,150)  (3556,119)  (3556,89)  (3586,89)  (3706,62)  (3617,239)  (3587,239)  (3528,180)  (3528,150)  (3707,180)  (3707,210)  (3707,240)  (3677,240)  (3647,240)  (3557,240)  (3527,240)  (3527,210)  (3616,60)  (3646,60)  (3676,60)  (3708,92)  (3708,122)  (3526,120)  (3526,90)  (3526,60)  (3556,59)  (3586,59)  (3736,34)  (3617,269)  (3587,269)  (3498,180)  (3498,150)  (3737,152)  (3737,182)  (3737,212)  (3737,242)  (3707,270)  (3677,270)  (3647,270)  (3557,270)  (3527,270)  (3497,253)  (3497,223)  (3738,64)  (3738,94)  (3496,120)  (3496,90)  (3496,60)  (3739,272)  (3468,193)  (3468,163)  (3467,233)  (3466,133)  (3466,103)  (3466,73)  (3436,103)
Alaska  (3339,53)  (3309,82)  (3309,52)  (3368,83)  (3339,23)  (3369,23)  (3369,53)  (3279,92)  (3399,19)  (3399,49)  (3249,105)  (3429,23)  (3219,118)  (3189,121)
34 Sea Zone  (1606,1136)  (1576,1165)  (1576,1135)  (1635,1166)  (1606,1106)  (1636,1106)  (1636,1136)  (1574,1105)  (1605,1195)  (1575,1195)  (1546,1165)  (1546,1135)  (1665,1166)  (1665,1196)  (1635,1196)  (1545,1196)  (1604,1076)  (1634,1076)  (1664,1076)  (1666,1106)  (1666,1136)  (1544,1105)  (1516,1166)  (1515,1214)  (1615,1046)  (1645,1046)  (1675,1046)  (1656,1016)  (1686,1016)  (1684,986)  (1602,890)  (1687,889)  (1587,860)
Germany  (1051,376)  (1021,393)  (1021,363)  (1076,406)  (1051,346)  (1081,346)  (1081,376)  (1046,423)  (1078,436)  (1048,453)  (1018,453)
Eastern Canada  (270,226)  (240,255)  (240,225)  (299,256)  (270,196)  (300,196)  (300,226)  (238,195)  (269,285)  (239,285)  (209,286)  (268,166)  (298,166)  (330,179)  (330,209)  (330,239)  (208,214)  (229,165)  (326,302)  (273,315)  (243,315)  (213,316)  (183,316)  (179,286)  (360,231)  (215,135)  (245,135)  (164,256)  (149,302)  (390,234)  (144,226)  (134,272)  (114,242)  (114,212)  (241,64)  (104,273)  (84,243)  (84,213)  (74,280)  (70,40)  (68,183)  (54,250)  (54,220)  (44,283)  (43,87)  (40,57)  (40,27)  (38,190)  (35,160)  (25,130)  (24,253)  (24,223)  (14,283)  (13,100)  (10,70)  (10,40)  (8,193)  (5,163)
Central America  (50,783)  (20,783)  (76,813)  (79,753)  (106,816)  (131,846)
Japan  (2644,669)  (2660,639)  (2654,584)  (2618,699)  (2570,729)  (2541,759)  (2535,789)  (2657,506)
New Zealand  (3244,1719)  (3248,1749)
64 Sea Zone  (3100,262)  (3070,291)  (3070,261)  (3129,292)  (3100,232)  (3130,232)  (3130,262)  (3068,231)  (3099,321)  (3069,321)  (3040,291)  (3040,261)  (3159,292)  (3159,322)  (3129,322)  (3039,322)  (3098,202)  (3128,202)  (3158,202)  (3160,232)  (3160,262)  (3038,231)  (3057,201)  (3188,174)  (3010,292)  (3010,262)  (3189,292)  (3189,322)  (3009,331)  (3087,172)  (3117,172)  (3147,172)  (3190,204)  (3190,234)  (3116,142)  (3127,112)  (3127,82)  (3157,77)  (3127,52)  (3157,47)  (3187,38)  (3217,32)  (3127,22)  (3157,17)  (3187,8)  (3247,7)  (3217,2)
Cuba  (247,720)  (320,753)  (190,691)
Iran  (1617,731)  (1587,760)  (1587,730)  (1646,761)  (1617,701)  (1647,701)  (1647,731)  (1585,700)  (1616,790)  (1586,790)  (1676,761)  (1676,791)  (1646,791)  (1615,671)  (1645,671)  (1677,678)  (1677,708)  (1556,670)  (1616,820)  (1699,821)  (1669,821)
Taiwan  (2469,901)  (2478,871)
Greece  (1205,656)  (1175,676)  (1222,626)  (1235,656)  (1252,617)
Ukraine  (1344,474)  (1314,472)  (1373,504)  (1343,504)  (1374,469)  (1311,442)  (1404,472)
37 Sea Zone  (2084,1150)  (2054,1179)  (2054,1149)  (2113,1180)  (2084,1120)  (2114,1120)  (2114,1150)  (2052,1119)  (2083,1209)  (2053,1209)  (2024,1179)  (2024,1149)  (2143,1180)  (2143,1210)  (2113,1210)  (2023,1210)  (2082,1090)  (2112,1090)  (2144,1137)  (2022,1119)  (2022,1089)  (2052,1089)  (2173,1205)  (2082,1060)  (2112,1060)  (2018,1059)  (2048,1059)  (2078,1030)  (2108,1030)  (2018,1029)  (2048,1029)  (2225,1150)  (2231,1180)  (2232,1210)  (2078,1000)  (2108,1000)  (2018,999)  (2048,999)  (2255,1150)  (2261,1180)  (2262,1210)  (2078,970)  (2018,969)  (2048,969)  (2018,939)  (2048,939)  (2018,909)  (2018,879)
56 Sea Zone  (3377,615)  (3347,644)  (3347,614)  (3406,645)  (3377,585)  (3407,585)  (3407,615)  (3345,584)  (3376,674)  (3346,674)  (3317,644)  (3317,614)  (3436,645)  (3436,675)  (3406,675)  (3316,675)  (3375,555)  (3405,555)  (3435,555)  (3437,585)  (3437,615)  (3315,584)  (3315,554)  (3345,554)  (3465,527)  (3376,704)  (3346,704)  (3466,645)  (3466,675)  (3466,705)  (3436,705)  (3406,705)  (3316,705)  (3375,525)  (3405,525)  (3435,525)  (3467,557)  (3467,587)  (3302,524)  (3332,524)  (3376,734)  (3346,734)  (3483,735)  (3453,735)  (3423,735)  (3316,735)  (3362,495)  (3392,495)  (3422,495)  (3302,494)  (3332,494)  (3393,764)  (3363,764)  (3483,765)  (3453,765)  (3423,765)  (3333,765)  (3303,765)  (3362,465)  (3392,465)  (3422,465)  (3302,464)  (3332,464)  (3393,794)  (3363,794)  (3483,795)  (3453,795)  (3423,795)  (3333,795)  (3303,795)  (3362,435)  (3392,435)  (3302,434)  (3332,434)  (3393,824)  (3363,824)  (3483,825)  (3453,825)  (3423,825)  (3333,825)  (3303,825)  (3362,405)  (3392,405)  (3302,404)  (3332,404)  (3362,375)  (3392,375)  (3302,374)  (3332,374)  (3422,352)  (3362,345)  (3392,345)  (3302,344)  (3332,344)  (3422,322)  (3362,315)  (3392,315)  (3302,314)  (3332,314)  (3422,292)  (3362,285)  (3392,285)  (3302,284)  (3332,284)  (3452,272)  (3422,262)
Chengdu  (2043,653)  (2013,678)  (2013,648)  (2072,683)  (2073,631)  (2007,618)  (1983,663)  (2102,661)  (2102,691)  (1977,633)  (1977,603)  (2110,721)  (1962,573)  (2132,636)  (2132,666)  (1947,626)  (2140,696)  (2140,726)  (2145,756)  (1992,550)  (1932,596)  (1932,566)  (1962,543)  (1925,536)  (1917,628)  (2175,782)  (2145,786)  (1902,598)  (1902,568)  (1955,513)  (1895,538)  (1908,506)  (1887,628)  (1872,598)
24 Sea Zone  (726,1520)  (696,1549)  (696,1519)  (755,1550)  (726,1490)  (756,1490)  (756,1520)  (694,1489)  (725,1579)  (695,1579)  (666,1549)  (666,1519)  (785,1550)  (785,1580)  (755,1580)  (665,1580)  (724,1460)  (754,1460)  (784,1460)  (786,1490)  (786,1520)  (664,1489)  (664,1459)  (694,1459)  (814,1433)  (636,1550)  (636,1520)  (815,1550)  (815,1580)  (635,1602)  (816,1463)  (816,1493)  (634,1490)  (634,1460)  (844,1433)  (606,1572)  (606,1542)  (845,1523)  (845,1553)  (845,1583)  (605,1602)  (846,1463)  (846,1493)  (604,1512)  (604,1482)  (604,1452)  (874,1433)  (576,1572)  (576,1542)  (875,1523)  (875,1553)  (875,1583)  (876,1463)  (876,1493)
Italy  (1034,619)  (1022,589)  (972,562)  (1002,559)  (1032,547)
Iraq  (1506,772)  (1476,797)  (1526,802)  (1503,742)  (1522,712)
9 Sea Zone  (464,402)  (434,431)  (434,401)  (493,432)  (464,372)  (494,372)  (494,402)  (432,371)  (463,461)  (433,461)  (404,431)  (404,401)  (523,432)  (523,462)  (493,462)  (403,462)  (462,342)  (492,342)  (522,342)  (524,372)  (524,402)  (402,371)  (426,341)  (552,337)  (374,432)  (374,402)  (553,432)  (553,462)  (373,476)  (554,367)  (554,397)
Benelux  (969,373)  (975,343)
Greenland  (441,22)  (411,51)  (411,21)  (463,52)  (471,0)  (381,2)  (463,82)
45 Sea Zone  (3365,1181)  (3365,1211)  (3365,1241)  (3365,1271)  (3365,1301)  (3365,1331)  (3365,1361)  (3365,1391)  (3365,1449)  (3365,1479)  (3365,1509)  (3395,1181)  (3395,1211)  (3395,1241)  (3395,1271)  (3395,1301)  (3395,1331)  (3395,1361)  (3395,1453)  (3395,1483)  (3395,1513)  (3425,1181)  (3425,1211)  (3425,1241)  (3425,1271)  (3425,1301)  (3425,1331)  (3425,1361)  (3425,1441)  (3425,1471)  (3425,1501)  (3455,1181)  (3455,1211)  (3455,1241)  (3455,1271)  (3455,1301)  (3455,1331)  (3455,1361)  (3455,1441)  (3455,1471)  (3455,1501)  (3464,1391)  (3485,1181)  (3485,1211)  (3485,1241)  (3485,1271)  (3485,1301)  (3485,1331)  (3485,1361)  (3485,1421)  (3485,1451)  (3485,1481)  (3485,1511)  (3494,1391)
Siberia  (2028,301)  (1998,330)  (1998,300)  (2057,331)  (2028,271)  (2058,271)  (2058,301)  (1996,270)  (2027,360)  (1997,360)  (1968,330)  (1968,300)  (2087,331)  (2087,361)  (2057,361)  (1967,361)  (2026,241)  (2056,241)  (2086,241)  (2088,271)  (2088,301)  (1966,270)  (1966,240)  (1996,240)  (2116,213)  (2027,390)  (1997,390)  (1938,331)  (1938,301)  (2117,331)  (2117,361)  (2117,391)  (2087,391)  (2057,391)  (1967,391)  (1937,391)  (1937,361)  (2026,211)  (2056,211)  (2086,211)  (2118,243)  (2118,273)  (1937,210)  (1967,210)  (2116,183)  (2026,420)  (1908,331)  (1908,301)  (2147,303)  (2147,333)  (2147,363)  (2147,393)  (2117,421)  (1996,421)  (1966,421)  (1936,421)  (1907,391)  (1907,361)  (1997,181)  (2027,181)  (2057,181)  (1906,422)  (1941,180)  (2149,423)  (2087,153)  (2117,153)  (2177,375)  (1944,451)  (1877,392)  (1877,362)  (1971,151)  (2001,151)  (2031,151)  (2179,405)  (2179,435)  (2191,465)  (2061,123)  (2091,123)  (2121,123)  (1847,392)  (1847,362)  (1948,121)  (1978,121)  (2008,121)  (2209,377)  (2209,407)  (2221,437)  (2221,467)  (2151,106)  (2038,93)  (2068,93)  (2098,93)  (1817,379)  (1940,91)  (1970,91)  (2000,91)  (2239,372)  (2239,402)  (2181,84)  (2251,432)  (2251,462)  (2128,76)  (2030,63)  (2060,63)  (2090,63)  (1787,371)  (2269,373)  (2158,54)  (2188,54)
52 Sea Zone  (2942,923)  (2912,952)  (2912,922)  (2971,953)  (2942,893)  (2972,893)  (2972,923)  (2910,892)  (2941,982)  (2911,982)  (2882,952)  (2882,922)  (3001,953)  (3001,983)  (2971,983)  (2881,983)  (2940,863)  (2970,863)  (3000,863)  (3002,893)  (3002,923)  (2880,892)  (2880,862)  (2910,862)  (3030,859)  (2852,953)  (2852,923)  (3031,953)  (3031,983)  (2851,983)  (3032,889)  (3032,919)  (2850,893)  (2850,863)  (3060,859)  (3061,949)  (3061,979)  (3062,889)  (3062,919)
Central Europe  (1135,482)  (1105,511)  (1164,512)  (1139,452)  (1165,482)  (1169,450)  (1075,514)  (1122,422)  (1199,463)  (1045,507)  (1229,470)
48 Sea Zone  (2631,1201)  (2631,1231)  (2631,1261)  (2631,1291)  (2631,1321)  (2631,1351)  (2661,1200)  (2661,1230)  (2661,1260)  (2661,1290)  (2661,1320)  (2661,1350)  (2691,1248)  (2691,1278)  (2691,1308)  (2691,1338)  (2721,1283)  (2721,1313)  (2721,1343)  (2739,1200)  (2751,1335)  (2769,1200)  (2781,1307)  (2781,1348)  (2799,1200)  (2811,1350)  (2829,1200)  (2859,1200)  (2859,1230)  (2871,1364)  (2889,1200)  (2889,1230)  (2901,1350)  (2915,1260)  (2919,1200)  (2919,1230)  (2945,1260)  (2949,1200)  (2949,1230)  (2959,1324)  (2975,1260)  (2979,1200)  (2979,1230)  (2986,1354)  (2995,1324)  (3009,1200)  (3009,1230)  (3016,1354)  (3025,1312)  (3039,1200)  (3039,1230)  (3044,1260)  (3046,1342)  (3055,1290)  (3069,1200)  (3069,1230)  (3074,1260)  (3076,1320)  (3076,1350)
62 Sea Zone  (2567,526)  (2567,798)  (2570,466)  (2570,556)  (2570,828)  (2578,311)  (2579,586)  (2583,427)  (2585,341)  (2585,496)  (2587,646)  (2590,371)  (2593,616)  (2593,767)  (2597,526)  (2597,797)  (2600,457)  (2600,556)  (2600,827)  (2608,311)  (2609,586)  (2613,401)  (2615,487)  (2623,758)  (2627,788)  (2630,818)  (2644,726)  (2653,756)  (2657,786)  (2658,311)  (2659,432)  (2660,816)  (2662,341)  (2662,462)  (2667,371)  (2674,711)  (2675,549)  (2677,401)  (2683,741)  (2687,771)  (2690,801)  (2691,614)  (2691,681)  (2692,454)  (2692,644)  (2693,579)  (2704,711)  (2705,521)  (2713,741)  (2714,484)  (2717,771)  (2720,801)  (2721,609)  (2721,674)  (2722,454)  (2722,639)  (2723,551)  (2734,704)  (2735,514)  (2743,734)  (2744,484)  (2747,764)  (2750,794)  (2750,824)  (2751,581)  (2751,669)  (2752,454)  (2752,611)  (2753,544)
33 Sea Zone  (1432,1465)  (1402,1494)  (1461,1495)  (1407,1435)  (1437,1435)  (1462,1465)  (1467,1430)  (1431,1524)  (1401,1524)  (1371,1525)  (1412,1405)  (1442,1400)  (1472,1400)  (1429,1554)  (1399,1555)  (1369,1555)  (1412,1375)  (1442,1370)  (1472,1370)  (1428,1585)  (1398,1585)  (1368,1585)  (1401,1345)  (1338,1587)  (1431,1340)  (1461,1340)  (1404,1310)  (1434,1310)  (1464,1310)  (1423,1280)  (1453,1280)  (1483,1280)  (1443,1250)  (1473,1250)
57 Sea Zone  (3184,619)  (3154,648)  (3154,618)  (3213,649)  (3184,589)  (3214,589)  (3214,619)  (3152,588)  (3183,678)  (3153,678)  (3124,648)  (3124,618)  (3243,649)  (3243,679)  (3213,679)  (3123,679)  (3182,559)  (3212,559)  (3242,559)  (3244,589)  (3244,619)  (3122,588)  (3122,558)  (3152,558)  (3272,531)  (3183,708)  (3153,708)  (3094,649)  (3272,709)  (3242,709)  (3123,709)  (3093,709)  (3093,679)  (3182,529)  (3212,529)  (3242,529)  (3108,528)  (3138,528)  (3272,501)  (3212,738)  (3182,738)  (3064,649)  (3272,739)  (3242,739)  (3152,739)  (3122,739)  (3092,739)  (3063,709)  (3063,679)  (3168,499)  (3198,499)  (3228,499)  (3062,740)  (3108,498)  (3138,498)  (3258,471)  (3212,768)  (3182,768)  (3272,769)  (3242,769)  (3152,769)  (3122,769)  (3092,769)  (3168,469)  (3198,469)  (3228,469)  (3062,770)  (3108,468)  (3138,468)  (3258,441)  (3212,798)  (3182,798)  (3272,799)  (3242,799)  (3152,799)  (3122,799)  (3092,799)  (3168,439)  (3198,439)  (3228,439)  (3062,800)  (3108,438)  (3138,438)  (3258,411)  (3212,828)  (3182,828)  (3271,829)  (3152,829)  (3122,829)  (3092,829)  (3168,409)  (3198,409)  (3228,409)  (3108,408)  (3138,408)  (3258,381)  (3168,379)  (3198,379)  (3228,379)  (3108,378)  (3138,378)  (3258,351)  (3241,321)  (3271,321)  (3241,291)  (3271,291)  (3241,261)  (3271,261)
59 Sea Zone  (2902,731)  (2872,760)  (2872,730)  (2931,761)  (2902,701)  (2932,701)  (2932,731)  (2870,700)  (2901,790)  (2871,790)  (2842,760)  (2842,730)  (2961,761)  (2961,791)  (2931,791)  (2841,791)  (2900,671)  (2930,671)  (2960,671)  (2962,701)  (2962,731)  (2840,700)  (2840,670)  (2870,670)  (2990,643)  (2901,820)  (2871,820)  (2812,761)  (2812,731)  (2991,761)  (2991,791)  (2991,821)  (2961,821)  (2931,821)  (2841,821)  (2811,821)  (2811,791)  (2900,641)  (2930,641)  (2960,641)  (2992,673)  (2992,703)  (2810,701)  (2810,671)  (2810,641)  (2840,640)  (2870,640)  (3020,631)  (3021,733)  (3021,763)  (3021,793)  (3021,823)  (3022,661)  (3022,691)
49 Sea Zone  (2293,1151)  (2293,1181)  (2293,1211)  (2319,1241)  (2323,1150)  (2323,1180)  (2353,1150)  (2363,1285)  (2383,1150)  (2393,1293)  (2450,1193)  (2480,1192)  (2489,1304)  (2510,1200)  (2519,1308)  (2548,1200)  (2549,1305)  (2551,1230)  (2571,1271)  (2578,1200)  (2579,1301)  (2581,1230)  (2601,1260)
6 Sea Zone  (930,203)  (900,232)  (900,202)  (959,233)  (930,173)  (960,173)  (960,203)  (898,172)  (988,263)  (958,263)  (868,189)  (868,159)  (988,293)  (958,293)
Pakistan  (1741,731)  (1765,761)  (1735,761)  (1723,701)  (1753,701)  (1771,731)  (1783,689)  (1735,791)  (1744,671)  (1774,659)  (1734,847)
Arkhangelsk  (1522,127)  (1492,156)  (1492,126)  (1551,157)  (1522,97)  (1552,97)  (1552,127)  (1490,96)  (1521,186)  (1491,186)  (1462,156)  (1462,126)  (1581,157)  (1569,187)  (1461,187)  (1520,67)  (1550,67)  (1580,67)  (1582,97)  (1582,127)  (1460,96)  (1474,66)  (1610,39)  (1506,216)  (1432,157)  (1432,127)  (1611,157)  (1476,217)  (1446,217)  (1431,187)  (1540,37)  (1570,37)  (1612,69)  (1612,99)  (1430,76)  (1416,232)  (1640,16)  (1402,157)  (1402,127)  (1641,129)  (1641,159)  (1474,247)  (1401,202)  (1642,46)  (1642,76)  (1444,262)  (1414,262)  (1386,232)  (1384,264)  (1372,172)  (1372,142)  (1671,106)  (1671,136)  (1671,166)  (1371,202)  (1672,28)  (1672,58)  (1368,40)  (1356,234)  (1408,294)  (1354,277)  (1342,172)  (1342,142)  (1701,88)  (1701,118)  (1701,148)  (1341,204)  (1702,43)  (1338,36)  (1335,112)  (1731,73)  (1731,103)  (1761,80)
Shanghai  (2348,745)  (2318,772)  (2318,742)  (2377,775)  (2348,715)  (2378,715)  (2378,745)  (2314,712)  (2347,802)  (2407,775)  (2394,805)  (2344,685)  (2374,685)
Libya  (1126,872)  (1096,901)  (1096,871)  (1155,902)  (1151,842)  (1156,872)  (1181,828)  (1066,901)  (1066,871)  (1185,902)  (1185,932)  (1155,932)  (1065,841)  (1186,858)  (1036,893)  (1215,888)  (1215,918)  (1035,863)  (1035,833)  (1216,833)
60 Sea Zone  (2658,923)  (2628,952)  (2628,922)  (2687,953)  (2658,893)  (2688,893)  (2688,923)  (2626,892)  (2657,982)  (2627,982)  (2598,952)  (2598,922)  (2717,953)  (2717,983)  (2687,983)  (2597,983)  (2656,863)  (2686,863)  (2716,863)  (2718,893)  (2718,923)  (2596,892)  (2596,862)  (2626,862)  (2746,859)  (2568,953)  (2568,923)  (2747,953)  (2747,983)  (2567,983)  (2748,889)  (2748,919)  (2566,893)  (2566,863)  (2776,859)  (2777,949)  (2777,979)  (2778,889)  (2778,919)
West Africa  (798,1046)  (768,1075)  (768,1045)  (827,1076)  (798,1016)  (828,1016)  (828,1046)  (766,1015)  (797,1105)  (767,1105)  (738,1075)  (738,1045)  (857,1076)  (857,1106)  (827,1106)  (796,986)  (858,1019)  (736,1015)  (736,985)  (766,985)  (708,1053)  (887,1049)  (887,1079)  (887,1109)  (706,1023)  (706,993)  (717,955)  (747,955)  (917,1040)  (917,1070)  (917,1100)
Scandinavia  (1124,133)  (1094,162)  (1094,132)  (1153,163)  (1130,103)  (1154,133)  (1160,97)  (1123,192)  (1064,187)  (1155,193)  (1174,67)  (1190,97)  (1204,53)  (1125,222)  (1210,23)  (1234,53)  (1240,17)  (1125,252)  (1244,157)  (1245,187)  (1264,47)  (1268,119)  (1270,11)  (1274,149)  (1275,179)  (1276,77)
10 Sea Zone  (256,572)  (226,601)  (226,571)  (285,602)  (256,542)  (286,542)  (286,572)  (224,541)  (255,631)  (225,631)  (315,602)  (315,632)  (285,632)  (256,512)  (286,512)  (316,512)  (316,542)  (316,572)  (172,655)  (264,482)  (294,482)  (324,482)  (156,625)  (143,595)  (142,659)  (269,452)  (299,452)  (126,629)  (113,599)  (112,659)  (282,422)  (312,422)  (96,629)  (86,690)  (82,660)  (66,630)  (65,600)  (56,704)  (52,674)  (40,737)  (36,644)  (35,614)  (26,707)  (22,677)  (6,647)  (5,617)
Brazil  (457,1154)  (427,1183)  (427,1153)  (486,1184)  (457,1124)  (487,1124)  (487,1154)  (425,1123)  (456,1213)  (426,1213)  (397,1183)  (397,1153)  (516,1184)  (516,1214)  (486,1214)  (455,1094)  (485,1094)  (515,1094)  (517,1124)  (517,1154)  (395,1123)  (395,1093)  (425,1093)  (545,1094)  (456,1243)  (426,1243)  (546,1184)  (546,1214)  (546,1244)  (516,1244)  (486,1244)  (547,1124)  (547,1154)  (365,1143)  (365,1113)  (365,1083)  (395,1063)  (425,1063)  (355,1053)  (456,1273)  (426,1273)  (542,1274)  (512,1274)  (577,1107)  (577,1137)  (577,1167)  (335,1129)  (335,1099)  (442,1033)  (325,1069)  (325,1039)  (482,1303)  (452,1303)  (607,1134)  (305,1103)  (295,1073)  (295,1043)  (468,1333)  (275,1113)  (458,1363)
31 Sea Zone  (1976,1476)  (1946,1505)  (1946,1475)  (2005,1506)  (1976,1446)  (2006,1446)  (2006,1476)  (1944,1445)  (1975,1535)  (1945,1535)  (1916,1505)  (1916,1475)  (2035,1506)  (2035,1536)  (2005,1536)  (1915,1536)  (1974,1416)  (2004,1416)  (2034,1416)  (2036,1446)  (2036,1476)  (1914,1445)  (1914,1415)  (1944,1415)  (2064,1388)  (1975,1565)  (1945,1565)  (1886,1506)  (1886,1476)  (2065,1506)  (2065,1536)  (2065,1566)  (2035,1566)  (2005,1566)  (1915,1566)  (1885,1566)  (1885,1536)  (1974,1386)  (2004,1386)  (2034,1386)  (2066,1418)  (2066,1448)  (1884,1446)  (1884,1416)  (1884,1386)  (1914,1385)  (1944,1385)  (2064,1358)  (2094,1358)  (2094,1388)  (1975,1595)  (1945,1595)  (1856,1506)  (1856,1476)  (2095,1478)  (2095,1508)  (2095,1538)  (2095,1568)  (2065,1596)  (2035,1596)  (2005,1596)  (1915,1596)  (1885,1596)  (1855,1596)  (1855,1566)  (1855,1536)  (1855,1356)  (1974,1356)  (2004,1356)  (2034,1356)  (2096,1418)  (2096,1448)  (1854,1446)  (1854,1416)  (1854,1386)  (1885,1355)  (1915,1355)  (2097,1598)  (2064,1328)  (2094,1328)  (1975,1625)  (1945,1625)  (2067,1626)  (2037,1626)  (2007,1626)  (1915,1626)  (1885,1626)  (1855,1626)  (2099,1628)
42 Sea Zone  (3291,1618)  (3261,1647)  (3261,1617)  (3320,1648)  (3291,1588)  (3321,1588)  (3321,1618)  (3259,1587)  (3290,1677)  (3260,1677)  (3231,1647)  (3231,1617)  (3350,1648)  (3350,1678)  (3320,1678)  (3230,1678)  (3289,1558)  (3319,1558)  (3349,1558)  (3351,1588)  (3351,1618)  (3229,1587)  (3229,1557)  (3259,1557)  (3379,1555)  (3290,1707)  (3260,1707)  (3201,1648)  (3201,1618)  (3380,1648)  (3380,1678)  (3380,1708)  (3350,1708)  (3320,1708)  (3230,1708)  (3200,1708)  (3200,1678)  (3289,1528)  (3381,1585)  (3381,1615)  (3199,1588)  (3199,1558)  (3199,1528)  (3229,1527)  (3259,1527)  (3290,1737)  (3260,1737)  (3171,1648)  (3171,1618)  (3407,1738)  (3377,1738)  (3347,1738)  (3230,1738)  (3200,1738)  (3170,1738)  (3170,1708)  (3170,1678)  (3170,1498)  (3289,1498)  (3169,1588)  (3169,1558)  (3169,1528)  (3200,1497)  (3230,1497)  (3317,1767)  (3287,1767)  (3141,1648)  (3141,1618)  (3407,1768)  (3377,1768)  (3347,1768)  (3257,1768)  (3227,1768)  (3170,1768)  (3140,1768)  (3140,1738)  (3140,1708)  (3140,1678)  (3140,1498)  (3140,1468)  (3170,1468)  (3260,1468)  (3290,1468)  (3139,1588)  (3139,1558)  (3139,1528)  (3317,1797)  (3287,1797)  (3111,1648)  (3111,1618)  (3407,1798)  (3377,1798)  (3347,1798)  (3257,1798)  (3164,1798)  (3134,1798)  (3110,1768)  (3110,1738)  (3110,1708)  (3110,1678)  (3110,1498)  (3110,1468)  (3109,1588)  (3109,1558)  (3109,1528)
13 Sea Zone  (900,698)  (870,727)  (870,697)  (929,728)  (900,668)  (930,668)  (930,698)  (868,667)  (840,745)  (840,715)  (899,638)  (929,638)  (959,638)  (810,757)  (780,747)
Wuhan  (2227,746)  (2256,776)  (2226,776)  (2212,716)  (2242,716)  (2286,804)  (2256,806)  (2199,686)  (2229,686)  (2259,676)
25 Sea Zone  (250,1721)  (220,1750)  (220,1720)  (279,1751)  (250,1691)  (280,1691)  (280,1721)  (218,1690)  (249,1780)  (219,1780)  (190,1750)  (190,1720)  (309,1751)  (309,1781)  (279,1781)  (189,1781)  (248,1661)  (278,1661)  (308,1661)  (310,1691)  (310,1721)  (188,1690)  (188,1660)  (218,1660)  (338,1644)  (160,1751)  (160,1721)  (339,1751)  (339,1781)  (159,1799)  (248,1631)  (278,1631)  (340,1674)  (340,1704)  (158,1691)  (158,1661)  (158,1631)  (188,1630)  (218,1630)  (361,1608)  (368,1638)  (130,1769)  (130,1739)  (369,1734)  (369,1764)  (369,1794)  (129,1799)  (129,1601)  (248,1601)  (370,1668)  (370,1698)  (128,1709)  (128,1679)  (128,1649)  (159,1600)  (189,1600)  (391,1580)  (398,1610)  (100,1769)  (100,1739)  (399,1728)  (399,1758)  (399,1788)  (99,1799)  (99,1619)  (99,1589)  (129,1571)  (219,1571)  (249,1571)  (400,1640)  (400,1670)  (98,1709)  (98,1679)  (98,1649)  (159,1570)  (189,1570)  (87,1559)  (368,1550)  (398,1550)  (421,1580)  (428,1543)  (428,1610)  (70,1769)  (70,1739)  (429,1700)  (429,1730)  (429,1760)  (429,1790)  (69,1799)  (69,1619)  (69,1589)  (430,1640)  (430,1670)  (68,1709)  (68,1679)  (68,1649)  (57,1559)  (379,1520)  (451,1573)  (409,1513)  (439,1513)  (458,1543)  (458,1603)  (40,1769)  (40,1739)  (459,1700)  (459,1730)  (459,1760)  (459,1790)  (39,1799)  (39,1619)  (39,1589)  (460,1633)  (460,1663)  (38,1709)  (38,1679)  (38,1649)  (469,1502)  (27,1559)  (481,1573)  (428,1483)  (488,1532)  (488,1603)  (10,1769)  (10,1739)  (489,1693)  (489,1723)  (489,1753)  (489,1783)  (9,1799)  (9,1619)  (9,1589)  (490,1633)  (490,1663)  (8,1709)  (8,1679)  (8,1649)  (458,1472)  (488,1472)  (499,1502)  (511,1562)  (518,1453)  (518,1532)  (518,1592)  (519,1693)  (519,1723)  (519,1753)  (519,1783)  (520,1622)  (520,1652)  (458,1442)  (488,1442)  (529,1483)  (541,1562)
Beijing  (2317,571)  (2287,600)  (2287,570)  (2346,601)  (2347,545)  (2370,515)  (2257,627)  (2257,597)  (2376,575)  (2341,631)  (2377,545)  (2400,488)  (2227,619)  (2406,575)  (2407,518)  (2370,477)  (2400,458)  (2430,458)  (2430,488)  (2197,619)  (2436,548)  (2363,447)  (2393,428)  (2460,459)  (2167,603)  (2137,602)  (2107,596)  (2086,566)  (2077,596)  (2056,565)
Eastern United States  (112,449)  (82,478)  (82,448)  (141,479)  (112,419)  (142,419)  (142,449)  (80,418)  (111,508)  (81,508)  (52,478)  (52,448)  (171,479)  (171,509)  (141,509)  (51,509)  (130,389)  (172,396)  (172,426)  (50,418)  (50,388)  (80,388)  (111,538)  (81,538)  (22,479)  (22,449)  (201,456)  (201,486)  (170,539)  (51,539)  (21,539)  (21,509)  (202,396)  (202,426)  (20,419)  (20,389)  (20,359)  (50,358)  (80,358)  (0,329)  (232,371)  (232,401)  (232,431)  (30,328)  (262,364)
3 Sea Zone  (1004,50)  (974,79)  (974,49)  (1033,80)  (1004,20)  (1034,20)  (1034,50)  (972,19)  (1003,109)  (973,109)  (944,79)  (944,49)  (1063,80)  (943,110)  (1064,0)  (1064,30)  (942,19)  (914,80)  (914,50)  (1093,60)  (913,117)  (1094,0)  (1094,30)  (912,20)  (884,87)  (884,57)  (1124,0)  (1124,30)  (882,27)  (1154,0)
Nigeria  (1042,1118)  (1012,1146)  (1012,1116)  (1071,1148)  (1042,1088)  (1072,1088)  (1072,1118)  (1009,1086)  (1041,1176)  (982,1140)  (1101,1148)  (1101,1178)  (1071,1178)  (1039,1058)  (1069,1058)  (1102,1074)  (979,1110)  (1131,1131)  (1161,1120)  (1191,1102)
53 Sea Zone  (3138,889)  (3138,919)  (3138,949)  (3138,979)  (3138,1009)  (3138,1039)  (3138,1069)  (3138,1099)  (3168,889)  (3168,919)  (3168,949)  (3168,979)  (3168,1009)  (3168,1039)  (3168,1069)  (3168,1099)  (3198,889)  (3198,919)  (3198,972)  (3198,1002)  (3198,1032)  (3198,1062)  (3198,1092)  (3228,859)  (3228,889)  (3228,919)  (3228,1019)  (3228,1049)  (3228,1079)  (3228,1109)  (3258,889)  (3258,919)  (3258,1036)  (3258,1066)  (3258,1096)  (3264,949)  (3288,889)  (3288,919)  (3288,1012)  (3288,1042)  (3288,1072)  (3288,1102)  (3289,979)  (3294,949)  (3318,889)  (3318,919)  (3318,1009)  (3318,1039)  (3318,1069)  (3318,1099)  (3319,979)  (3324,949)  (3348,859)  (3348,889)  (3348,919)  (3348,1009)  (3348,1039)  (3348,1069)  (3348,1099)  (3349,979)  (3354,949)
Yugoslavia  (1119,584)  (1148,614)  (1090,554)  (1149,576)  (1178,611)
Spain  (757,628)  (727,657)  (727,627)  (786,658)  (757,598)  (787,598)  (787,628)  (725,597)  (756,687)  (697,673)  (802,688)  (755,568)  (817,584)  (817,614)  (817,644)  (847,603)
47 Sea Zone  (2988,1490)  (2958,1519)  (2958,1489)  (3017,1520)  (2988,1460)  (3018,1460)  (3018,1490)  (2956,1459)  (2987,1549)  (2957,1549)  (2928,1518)  (3047,1520)  (3047,1550)  (3017,1550)  (2986,1430)  (3016,1430)  (3046,1430)  (3048,1460)  (3048,1490)  (2926,1488)  (2926,1458)  (2956,1429)  (2925,1428)  (3076,1402)  (2987,1579)  (3077,1520)  (3077,1550)  (3077,1580)  (3047,1580)  (3017,1580)  (2986,1400)  (3016,1400)  (3046,1400)  (3078,1432)  (3078,1462)  (2896,1475)  (2955,1399)  (2895,1445)  (2895,1415)  (2925,1398)  (2987,1609)  (3078,1610)  (3048,1610)  (3018,1610)  (2865,1408)
Azerbaijan  (1546,596)  (1516,601)  (1576,596)
17 Sea Zone  (629,998)  (599,1021)  (599,991)  (657,1028)  (629,968)  (596,961)  (659,1058)  (626,938)  (596,931)  (683,1088)  (626,908)  (596,901)  (709,1118)  (679,1118)  (626,878)  (596,871)  (740,1140)  (656,856)  (710,1148)  (680,1148)  (626,848)  (596,841)  (770,1161)  (800,1166)  (740,1170)  (710,1178)  (680,1178)  (830,1163)  (860,1167)  (890,1164)  (920,1157)
Solomon Islands  (3179,1312)
12 Sea Zone  (617,653)  (587,682)  (587,652)  (646,683)  (617,623)  (647,623)  (647,653)  (585,622)  (616,712)  (586,712)  (557,682)  (557,652)  (676,705)  (646,713)  (556,713)  (615,593)  (645,593)  (675,593)  (555,622)  (555,592)  (585,592)  (698,735)  (616,742)  (586,742)  (668,743)  (556,743)  (615,563)  (645,563)  (675,563)  (551,562)  (581,562)  (728,747)  (698,765)  (638,772)  (608,772)  (668,773)  (578,773)  (611,533)  (641,533)  (671,533)  (551,532)  (581,532)  (701,519)  (731,516)  (638,802)  (608,802)  (685,803)  (578,803)
5 Sea Zone  (1187,273)  (1157,302)  (1208,303)  (1185,243)  (1215,243)  (1127,308)  (1198,213)  (1195,183)  (1084,307)  (1075,241)  (1197,153)  (1045,243)  (1022,153)
New Guinea  (2831,1285)  (2801,1271)  (2860,1315)  (2830,1315)  (2861,1275)  (2890,1306)
44 Sea Zone  (3645,1354)  (3615,1383)  (3615,1353)  (3674,1384)  (3645,1324)  (3675,1324)  (3675,1354)  (3613,1323)  (3644,1413)  (3614,1413)  (3585,1383)  (3585,1353)  (3704,1384)  (3704,1414)  (3674,1414)  (3584,1414)  (3643,1294)  (3673,1294)  (3703,1294)  (3705,1324)  (3705,1354)  (3583,1323)  (3583,1293)  (3613,1293)  (3733,1266)  (3644,1443)  (3614,1443)  (3555,1384)  (3555,1354)  (3734,1384)  (3734,1414)  (3734,1444)  (3704,1444)  (3674,1444)  (3584,1444)  (3554,1444)  (3554,1414)  (3643,1264)  (3673,1264)  (3703,1264)  (3735,1296)  (3735,1326)  (3553,1324)  (3553,1294)  (3553,1264)  (3583,1263)  (3613,1263)  (3733,1236)  (3644,1473)  (3614,1473)  (3742,1474)  (3712,1474)  (3682,1474)  (3584,1474)  (3554,1474)  (3542,1234)  (3643,1234)  (3673,1234)  (3703,1234)  (3572,1233)  (3602,1233)  (3733,1206)  (3652,1503)  (3622,1503)  (3742,1504)  (3712,1504)  (3682,1504)  (3592,1504)  (3562,1504)  (3542,1204)  (3632,1204)  (3662,1204)  (3692,1204)  (3572,1203)  (3602,1203)  (3722,1176)  (3542,1174)  (3632,1174)  (3662,1174)  (3692,1174)  (3572,1173)  (3602,1173)
Ethiopia  (1386,1158)  (1356,1187)  (1356,1157)  (1415,1188)  (1386,1128)  (1416,1128)  (1416,1158)  (1385,1217)  (1355,1217)  (1326,1187)  (1445,1188)  (1325,1218)  (1390,1098)  (1420,1098)  (1446,1129)  (1394,1247)  (1296,1188)  (1295,1218)  (1402,1068)  (1476,1131)
32 Sea Zone  (1667,1444)  (1637,1473)  (1637,1443)  (1696,1474)  (1667,1414)  (1697,1414)  (1697,1444)  (1635,1413)  (1666,1503)  (1636,1503)  (1607,1473)  (1607,1443)  (1726,1474)  (1726,1504)  (1696,1504)  (1606,1504)  (1665,1384)  (1695,1384)  (1725,1384)  (1727,1414)  (1727,1444)  (1605,1413)  (1605,1383)  (1635,1383)  (1755,1356)  (1666,1533)  (1636,1533)  (1577,1458)  (1756,1474)  (1756,1504)  (1756,1534)  (1726,1534)  (1696,1534)  (1606,1534)  (1665,1354)  (1695,1354)  (1725,1354)  (1757,1386)  (1757,1416)  (1575,1428)  (1575,1398)  (1575,1368)  (1605,1353)  (1635,1353)  (1576,1548)  (1560,1338)  (1785,1328)  (1666,1563)  (1636,1563)  (1786,1446)  (1786,1476)  (1786,1506)  (1786,1536)  (1756,1564)  (1726,1564)  (1696,1564)  (1606,1564)  (1665,1324)  (1787,1358)  (1787,1388)  (1545,1455)  (1545,1425)  (1545,1395)  (1590,1323)  (1620,1323)  (1788,1566)  (1576,1578)  (1530,1365)  (1530,1335)  (1560,1308)  (1527,1305)  (1666,1593)  (1636,1593)  (1758,1594)  (1728,1594)  (1698,1594)  (1606,1594)  (1650,1294)  (1680,1294)  (1590,1293)  (1620,1293)  (1812,1596)  (1576,1608)  (1557,1278)  (1516,1275)  (1546,1616)  (1668,1623)  (1638,1623)  (1782,1624)  (1752,1624)  (1722,1624)  (1608,1624)  (1650,1264)  (1680,1264)  (1587,1263)  (1617,1263)  (1812,1626)  (1546,1248)  (1516,1245)
8 Sea Zone  (659,373)  (629,402)  (629,372)  (688,403)  (659,343)  (689,343)  (689,373)  (627,342)  (658,432)  (628,432)  (718,403)  (718,433)  (688,433)  (657,313)  (687,313)  (719,333)  (719,363)  (602,312)  (658,462)  (628,462)  (717,284)  (719,463)  (689,463)  (632,283)  (662,283)  (602,282)  (632,253)  (602,252)  (602,222)  (760,218)  (632,213)  (602,192)
Peru  (286,1182)  (256,1205)  (256,1175)  (315,1212)  (286,1152)  (316,1167)  (227,1145)  (226,1184)  (345,1197)  (345,1227)  (315,1242)  (360,1257)  (210,1115)  (330,1272)  (175,1084)
Australia  (2729,1588)  (2699,1617)  (2699,1587)  (2758,1618)  (2729,1558)  (2759,1558)  (2759,1588)  (2697,1557)  (2728,1647)  (2698,1647)  (2669,1617)  (2669,1587)  (2788,1618)  (2788,1648)  (2758,1648)  (2668,1648)  (2727,1528)  (2757,1528)  (2787,1528)  (2789,1558)  (2789,1588)  (2667,1557)  (2667,1527)  (2697,1527)  (2817,1508)  (2639,1618)  (2639,1588)  (2818,1618)  (2818,1648)  (2818,1678)  (2788,1678)  (2758,1678)  (2638,1676)  (2727,1498)  (2757,1498)  (2819,1538)  (2819,1568)  (2637,1558)  (2637,1528)  (2637,1498)  (2667,1497)  (2697,1497)  (2840,1477)  (2847,1507)  (2609,1646)  (2609,1616)  (2848,1598)  (2848,1628)  (2848,1658)  (2848,1688)  (2818,1708)  (2608,1688)  (2628,1468)  (2727,1468)  (2849,1537)  (2849,1567)  (2607,1586)  (2607,1556)  (2607,1526)  (2682,1467)  (2858,1718)  (2579,1658)  (2579,1628)  (2878,1597)  (2878,1627)  (2878,1657)  (2878,1687)  (2828,1738)  (2578,1704)  (2712,1438)  (2879,1535)  (2879,1565)  (2577,1598)  (2577,1568)  (2577,1538)  (2888,1717)  (2888,1747)  (2858,1748)  (2549,1674)  (2549,1644)  (2908,1595)  (2908,1625)  (2908,1655)  (2908,1685)  (2548,1715)  (2547,1614)  (2547,1584)  (2547,1554)  (2519,1665)  (2938,1616)  (2938,1646)  (2517,1635)  (2517,1605)  (2517,1575)
1 Sea Zone  (513,236)  (483,265)  (483,235)  (542,266)  (513,206)  (543,206)  (543,236)  (481,205)  (512,295)  (482,295)  (453,265)  (453,235)  (572,266)  (572,296)  (542,296)  (452,296)  (451,205)  (423,266)  (422,305)  (421,195)  (392,293)  (391,177)  (368,147)  (338,126)  (317,96)  (300,24)  (288,129)  (270,11)  (194,44)  (186,176)  (174,125)  (168,95)  (164,65)  (156,177)  (144,147)  (138,117)  (134,87)  (114,162)  (108,132)  (104,102)  (78,150)  (74,120)
Caucasus  (1492,522)  (1462,551)  (1462,521)  (1521,552)  (1510,492)  (1522,522)  (1540,474)  (1551,552)  (1550,444)  (1580,460)  (1566,414)
Hawaii  (3254,992)
United Kingdom  (816,262)  (786,272)  (845,292)  (821,232)  (815,302)  (821,202)  (727,197)  (708,228)  (823,114)
14 Sea Zone  (1001,716)  (1031,709)  (1035,783)  (1061,710)  (1065,800)  (1095,774)  (1095,804)  (1125,747)  (1125,777)  (1125,807)  (1155,736)  (1155,766)  (1185,784)  (1215,790)  (1245,762)  (1245,792)
21 Sea Zone  (118,1332)  (88,1361)  (88,1331)  (147,1362)  (118,1302)  (148,1302)  (148,1332)  (86,1301)  (117,1391)  (87,1391)  (58,1361)  (58,1331)  (177,1362)  (177,1392)  (147,1392)  (57,1392)  (116,1272)  (146,1272)  (176,1272)  (178,1302)  (178,1332)  (56,1301)  (56,1271)  (86,1271)  (206,1244)  (117,1421)  (87,1421)  (28,1362)  (28,1332)  (207,1362)  (207,1392)  (207,1422)  (177,1422)  (147,1422)  (57,1422)  (27,1422)  (27,1392)  (116,1242)  (146,1242)  (176,1242)  (208,1274)  (208,1304)  (26,1302)  (26,1272)  (26,1242)  (56,1241)  (86,1241)  (236,1243)  (117,1451)  (87,1451)  (237,1334)  (237,1364)  (237,1394)  (237,1424)  (207,1452)  (177,1452)  (147,1452)  (57,1452)  (27,1452)  (0,1212)  (116,1212)  (146,1212)  (176,1212)  (238,1273)  (238,1303)  (30,1211)  (60,1211)  (239,1454)  (117,1481)  (87,1481)  (209,1482)  (179,1482)  (149,1482)  (57,1482)  (27,1482)  (0,1182)  (90,1182)  (120,1182)  (150,1182)  (180,1182)  (30,1181)  (60,1181)  (245,1484)  (119,1511)  (89,1511)  (215,1512)  (185,1512)  (155,1512)  (59,1512)  (29,1512)  (0,1152)  (90,1152)  (120,1152)  (150,1152)  (30,1151)  (60,1151)  (249,1514)  (95,1122)  (125,1122)  (155,1122)  (125,1092)
36 Sea Zone  (2366,1067)  (2336,1096)  (2336,1066)  (2395,1097)  (2366,1037)  (2396,1037)  (2396,1067)  (2334,1036)  (2306,1120)  (2306,1090)  (2425,1097)  (2426,1013)  (2426,1043)  (2304,1060)  (2304,1030)  (2276,1120)  (2276,1090)  (2268,949)  (2246,1120)  (2229,1090)  (2216,1120)  (2199,1090)  (2185,1060)
Kazakhstan  (1746,447)  (1716,476)  (1716,446)  (1775,477)  (1746,417)  (1776,417)  (1776,447)  (1714,416)  (1686,496)  (1686,466)  (1805,477)  (1805,507)  (1775,507)  (1806,413)  (1806,443)  (1684,436)  (1684,406)  (1672,526)  (1656,483)  (1835,473)  (1835,503)  (1836,430)  (1654,453)  (1642,529)  (1626,423)  (1865,460)  (1624,464)
22 Sea Zone  (640,1311)  (610,1340)  (610,1310)  (669,1341)  (640,1281)  (670,1281)  (670,1311)  (608,1280)  (639,1370)  (609,1370)  (580,1340)  (580,1310)  (699,1341)  (699,1371)  (669,1371)  (579,1371)  (638,1251)  (668,1251)  (698,1251)  (700,1281)  (700,1311)  (592,1250)  (728,1223)  (639,1400)  (609,1400)  (550,1341)  (729,1341)  (729,1371)  (729,1401)  (699,1401)  (669,1401)  (579,1401)  (549,1401)  (549,1371)  (622,1221)  (652,1221)  (682,1221)  (730,1253)  (730,1283)  (520,1341)  (519,1403)  (519,1373)  (489,1403)
Borneo-Celebes  (2395,1237)  (2365,1248)  (2383,1207)  (2413,1207)
50 Sea Zone  (2468,1014)  (2468,1044)  (2468,1074)  (2468,1104)  (2482,1134)  (2498,1013)  (2498,1043)  (2498,1073)  (2498,1103)  (2512,1164)  (2528,1013)  (2542,1149)  (2578,1013)  (2583,1043)  (2599,1073)  (2608,1013)  (2613,1043)  (2624,1103)  (2628,1133)  (2628,1163)  (2629,1073)  (2638,1013)  (2643,1043)  (2654,1103)  (2658,1133)  (2658,1163)  (2659,1073)  (2668,1013)  (2673,1043)  (2684,1103)  (2688,1133)  (2688,1163)  (2689,1073)  (2698,1013)  (2703,1043)
Congo  (1151,1268)  (1121,1297)  (1121,1267)  (1180,1298)  (1151,1238)  (1181,1238)  (1181,1268)  (1119,1237)  (1150,1327)  (1120,1327)  (1091,1297)  (1091,1267)  (1210,1298)  (1210,1328)  (1180,1328)  (1090,1328)  (1155,1208)  (1185,1208)  (1211,1238)  (1211,1268)  (1089,1237)  (1215,1204)  (1150,1357)  (1120,1357)  (1061,1281)  (1240,1298)  (1240,1328)  (1185,1358)  (1090,1358)  (1157,1178)  (1241,1234)  (1241,1264)  (1059,1251)  (1059,1221)  (1187,1174)  (1217,1174)  (1245,1204)  (1247,1172)  (1146,1387)  (1116,1388)  (1086,1388)  (1029,1237)
35 Sea Zone  (1872,1184)  (1842,1213)  (1842,1183)  (1901,1214)  (1872,1154)  (1902,1154)  (1902,1184)  (1840,1153)  (1871,1243)  (1841,1243)  (1812,1213)  (1812,1183)  (1931,1214)  (1931,1244)  (1901,1244)  (1811,1244)  (1870,1124)  (1900,1124)  (1930,1124)  (1932,1154)  (1932,1184)  (1810,1153)  (1810,1123)  (1840,1123)  (1960,1096)  (1871,1273)  (1841,1273)  (1782,1214)  (1782,1184)  (1961,1214)  (1961,1244)  (1961,1274)  (1931,1274)  (1901,1274)  (1811,1274)  (1781,1274)  (1781,1244)  (1879,1094)  (1909,1094)  (1962,1126)  (1962,1156)  (1780,1154)  (1780,1124)  (1780,1094)  (1810,1093)  (1840,1093)  (1939,1066)  (1969,1066)  (1752,1214)  (1752,1184)  (1991,1244)  (1991,1274)  (1751,1298)  (1751,1268)  (1751,1064)  (1898,1064)  (1750,1154)  (1750,1124)  (1750,1094)  (1781,1063)  (1811,1063)  (1928,1036)  (1958,1036)  (1988,1036)  (1722,1238)  (1722,1208)  (2021,1244)  (2021,1274)  (1721,1298)  (1721,1268)  (1721,1064)  (1721,1034)  (1751,1034)  (1720,1178)  (1720,1148)  (1720,1118)  (1781,1033)  (1911,1006)  (1941,1006)  (1971,1006)  (2051,1244)  (2051,1274)  (1717,1004)  (1747,1004)  (1777,1003)  (1913,976)  (1943,976)  (1973,976)  (2081,1244)  (2081,1274)  (1717,974)  (1747,974)  (1777,973)  (1937,946)  (1967,946)  (1717,944)  (1747,944)  (1963,916)  (1717,914)  (1988,886)